0
30
2 0 0 1 10 3
1 0 0 1 10 1
3 1 0 64 200 0
4 1 0 64 200 0
5 1 0 64 200 0
6 1 0 64 200 0
7 1 0 64 200 0
8 1 0 64 200 0
9 1 0 64 200 0
10 1 0 64 200 0
11 1 0 64 200 0
12 1 0 64 200 0
13 1 0 64 200 0
14 1 0 64 200 0
15 1 0 64 200 0
16 1 0 64 200 0
17 1 0 64 200 0
18 1 0 64 200 0
19 1 0 64 200 0
20 1 0 64 200 0
21 1 0 64 200 0
22 1 0 64 200 0
23 1 0 64 200 0
24 1 0 64 200 0
25 1 0 64 200 0
26 1 0 64 200 0
27 1 0 64 200 0
28 1 0 64 200 0
29 1 0 64 200 0
30 1 0 64 200 0
17 12
0 0 2 1 0 2 2 0 2 3 0 2 4 0 2 5 0 0 6 0 0 7 0 0 8 0 0 9 0 0 10 0 0 11 0 0 12 0 2 13 0 2 14 0 2 15 0 2 16 0 2
0 1 2 1 1 0 2 1 0 3 1 0 4 1 2 5 1 0 6 1 0 7 1 0 8 1 0 9 1 0 10 1 0 11 1 0 12 1 2 13 1 0 14 1 0 15 1 0 16 1 2
0 2 2 1 2 0 2 2 0 3 2 0 4 2 2 5 2 0 6 2 0 7 2 0 8 2 0 9 2 0 10 2 0 11 2 0 12 2 2 13 2 0 14 2 0 15 2 0 16 2 2
0 3 2 1 3 0 2 3 0 3 3 0 4 3 2 5 3 0 6 3 0 7 3 0 8 3 0 9 3 0 10 3 0 11 3 0 12 3 2 13 3 0 14 3 0 15 3 0 16 3 2
0 4 2 1 4 2 2 4 2 3 4 2 4 4 2 5 4 0 6 4 0 7 4 0 8 4 0 9 4 0 10 4 0 11 4 0 12 4 2 13 4 2 14 4 2 15 4 2 16 4 2
0 5 0 1 5 0 2 5 0 3 5 0 4 5 0 5 5 0 6 5 0 7 5 0 8 5 0 9 5 0 10 5 0 11 5 0 12 5 0 13 5 0 14 5 0 15 5 0 16 5 0
0 6 0 1 6 0 2 6 0 3 6 0 4 6 0 5 6 0 6 6 0 7 6 0 8 6 0 9 6 0 10 6 0 11 6 0 12 6 0 13 6 0 14 6 0 15 6 0 16 6 0
0 7 2 1 7 2 2 7 2 3 7 2 4 7 2 5 7 0 6 7 0 7 7 0 8 7 0 9 7 0 10 7 0 11 7 0 12 7 2 13 7 2 14 7 2 15 7 2 16 7 2
0 8 2 1 8 0 2 8 0 3 8 0 4 8 2 5 8 0 6 8 0 7 8 0 8 8 0 9 8 0 10 8 0 11 8 0 12 8 2 13 8 0 14 8 0 15 8 0 16 8 2
0 9 2 1 9 0 2 9 0 3 9 0 4 9 2 5 9 0 6 9 0 7 9 0 8 9 0 9 9 0 10 9 0 11 9 0 12 9 2 13 9 0 14 9 0 15 9 0 16 9 2
0 10 2 1 10 0 2 10 0 3 10 0 4 10 2 5 10 0 6 10 0 7 10 0 8 10 0 9 10 0 10 10 0 11 10 0 12 10 2 13 10 0 14 10 0 15 10 0 16 10 2
0 11 2 1 11 2 2 11 2 3 11 2 4 11 2 5 11 0 6 11 0 7 11 0 8 11 0 9 11 0 10 11 0 11 11 0 12 11 2 13 11 2 14 11 2 15 11 2 16 11 2
30
2 8 6 0 3 70
1 13 3 0 1 70
3 1 3 0 0 70
4 1 1 0 0 70
5 1 2 0 0 70
6 2 3 0 0 70
7 2 1 0 0 70
8 2 2 0 0 70
9 3 3 0 0 70
10 2 8 0 0 70
11 2 10 0 0 70
12 2 9 0 0 70
13 1 8 0 0 70
14 1 10 0 0 70
15 1 9 0 0 70
16 3 8 0 0 70
17 13 1 0 0 70
18 13 2 0 0 70
19 14 3 0 0 70
20 14 1 0 0 70
21 14 2 0 0 70
22 14 10 0 0 70
23 14 8 0 0 70
24 14 9 0 0 70
25 13 10 0 0 70
26 13 8 0 0 70
27 13 9 0 0 70
28 15 10 0 0 70
29 15 8 0 0 70
30 15 9 0 0 70