0
29
2 0 0 1 10 3
1 0 0 1 10 1
3 1 0 64 200 0
4 1 0 64 200 0
5 1 0 64 200 0
6 1 0 64 200 0
7 1 0 64 200 0
8 1 0 64 200 0
9 1 0 64 200 0
10 1 0 64 200 0
11 1 0 64 200 0
12 1 0 64 200 0
13 1 0 64 200 0
14 1 0 64 200 0
15 1 0 64 200 0
16 1 0 64 200 0
17 1 0 64 200 0
18 1 0 64 200 0
19 1 0 64 200 0
20 1 0 64 200 0
21 1 0 64 200 0
22 1 0 64 200 0
23 1 0 64 200 0
24 1 0 64 200 0
25 1 0 64 200 0
26 1 0 64 200 0
27 1 0 64 200 0
28 1 0 64 200 0
29 1 0 64 200 0
15 12
0 0 2 1 0 2 2 0 2 3 0 2 4 0 2 5 0 0 6 0 0 7 0 0 8 0 0 9 0 0 10 0 2 11 0 2 12 0 2 13 0 2 14 0 2
0 1 2 1 1 0 2 1 0 3 1 0 4 1 2 5 1 0 6 1 0 7 1 0 8 1 0 9 1 0 10 1 2 11 1 0 12 1 0 13 1 0 14 1 2
0 2 2 1 2 0 2 2 0 3 2 0 4 2 2 5 2 0 6 2 0 7 2 0 8 2 0 9 2 0 10 2 2 11 2 0 12 2 0 13 2 0 14 2 2
0 3 2 1 3 0 2 3 0 3 3 0 4 3 2 5 3 0 6 3 0 7 3 0 8 3 0 9 3 0 10 3 2 11 3 0 12 3 0 13 3 0 14 3 2
0 4 2 1 4 2 2 4 2 3 4 2 4 4 2 5 4 0 6 4 0 7 4 0 8 4 0 9 4 0 10 4 2 11 4 2 12 4 2 13 4 2 14 4 2
0 5 0 1 5 0 2 5 0 3 5 0 4 5 0 5 5 0 6 5 0 7 5 0 8 5 0 9 5 0 10 5 0 11 5 0 12 5 0 13 5 0 14 5 0
0 6 0 1 6 0 2 6 0 3 6 0 4 6 0 5 6 0 6 6 0 7 6 0 8 6 0 9 6 0 10 6 0 11 6 0 12 6 0 13 6 0 14 6 0
0 7 2 1 7 2 2 7 2 3 7 2 4 7 2 5 7 0 6 7 0 7 7 0 8 7 0 9 7 0 10 7 2 11 7 2 12 7 2 13 7 2 14 7 2
0 8 2 1 8 0 2 8 0 3 8 0 4 8 2 5 8 0 6 8 0 7 8 0 8 8 0 9 8 0 10 8 2 11 8 0 12 8 0 13 8 0 14 8 2
0 9 2 1 9 0 2 9 0 3 9 0 4 9 2 5 9 0 6 9 0 7 9 0 8 9 0 9 9 0 10 9 2 11 9 0 12 9 0 13 9 0 14 9 2
0 10 2 1 10 0 2 10 0 3 10 0 4 10 2 5 10 0 6 10 0 7 10 0 8 10 0 9 10 0 10 10 2 11 10 0 12 10 0 13 10 0 14 10 2
0 11 2 1 11 2 2 11 2 3 11 2 4 11 2 5 11 0 6 11 0 7 11 0 8 11 0 9 11 0 10 11 2 11 11 2 12 11 2 13 11 2 14 11 2
29
2 7 6 0 3 70
1 13 10 0 1 70
3 2 3 0 0 70
4 2 1 0 0 70
5 2 2 0 0 70
6 1 3 0 0 70
7 1 1 0 0 70
8 1 2 0 0 70
9 3 3 0 0 70
10 3 1 0 0 70
11 3 2 0 0 70
12 2 10 0 0 70
13 2 8 0 0 70
14 2 9 0 0 70
15 3 10 0 0 70
16 3 8 0 0 70
17 3 9 0 0 70
18 1 10 0 0 70
19 12 2 0 0 70
20 12 3 0 0 70
21 12 1 0 0 70
22 13 2 0 0 70
23 13 3 0 0 70
24 13 1 0 0 70
25 13 8 0 0 70
26 13 9 0 0 70
27 12 10 0 0 70
28 12 8 0 0 70
29 12 9 0 0 70
2
